{"producer":{"name":"Blender","version":"2.82 (sub 7)","exporter_version":"6.3.0","file":"pump2.babylon"},
"autoClear":true,"clearColor":[0.0509,0.0509,0.0509],"gravity":[0,0,-9.81],
"materials":[{"name":"Concrete","id":"Concrete","customType":"BABYLON.PBRMaterial","backFaceCulling":true,"checkReadyOnlyOnce":false,"maxSimultaneousLights":4,"environmentIntensity":1,"reflectivity":[0.5,0.5,0.5],"roughness":0.574,"alpha":1,"transparencyMode":0,"alphaCutOff":0.4,"metallic":0.02, 
"albedoTexture":{"name":"concrete.png","level":1,"hasAlpha":true,"coordinatesMode":0,"uOffset":0,"vOffset":0,"uScale":1,"vScale":1,"uAng":0,"vAng":0,"wAng":0,"wrapU":1,"wrapV":1,"coordinatesIndex":0},"useAlphaFromAlbedoTexture":true},
{"name":"Paint1","id":"Paint1","customType":"BABYLON.PBRMaterial","backFaceCulling":true,"checkReadyOnlyOnce":false,"maxSimultaneousLights":4,"environmentIntensity":1,"albedo":[0.5815,0.0045,0],"reflectivity":[0.5,0.5,0.5],"roughness":1,"alpha":1,"transparencyMode":0,"alphaCutOff":0.4,"metallic":0.5, 
"metallicTexture":{"name":"smooth_paint.png","level":1,"hasAlpha":true,"coordinatesMode":0,"uOffset":0,"vOffset":0,"uScale":1,"vScale":1,"uAng":0,"vAng":0,"wAng":0,"wrapU":1,"wrapV":1,"coordinatesIndex":0},"useMetallnessFromMetallicTextureBlue":false,"useRoughnessFromMetallicTextureGreen":true,"useAmbientOcclusionFromMetallicTextureRed":false,"useRoughnessFromMetallicTextureAlpha":false},
{"name":"Paint3","id":"Paint3","customType":"BABYLON.PBRMaterial","backFaceCulling":true,"checkReadyOnlyOnce":false,"maxSimultaneousLights":4,"environmentIntensity":1,"albedo":[0.0298,0,0.5489],"reflectivity":[0.5,0.5,0.5],"roughness":1,"alpha":1,"transparencyMode":0,"alphaCutOff":0.4,"metallic":0.5, 
"metallicTexture":{"name":"smooth_paint.png","level":1,"hasAlpha":true,"coordinatesMode":0,"uOffset":0,"vOffset":0,"uScale":1,"vScale":1,"uAng":0,"vAng":0,"wAng":0,"wrapU":1,"wrapV":1,"coordinatesIndex":0},"useMetallnessFromMetallicTextureBlue":false,"useRoughnessFromMetallicTextureGreen":true,"useAmbientOcclusionFromMetallicTextureRed":false,"useRoughnessFromMetallicTextureAlpha":false},
{"name":"Iron","id":"Iron","customType":"BABYLON.PBRMaterial","backFaceCulling":true,"checkReadyOnlyOnce":false,"maxSimultaneousLights":4,"environmentIntensity":1,"albedo":[0.4575,0.4575,0.4575],"reflectivity":[0.5,0.5,0.5],"roughness":1,"alpha":1,"transparencyMode":0,"alphaCutOff":0.4,"metallic":1, 
"metallicTexture":{"name":"metall_special.png","level":1,"hasAlpha":true,"coordinatesMode":0,"uOffset":0,"vOffset":0,"uScale":1,"vScale":1,"uAng":0,"vAng":0,"wAng":0,"wrapU":1,"wrapV":1,"coordinatesIndex":0},"useMetallnessFromMetallicTextureBlue":true,"useRoughnessFromMetallicTextureGreen":true,"useAmbientOcclusionFromMetallicTextureRed":false,"useRoughnessFromMetallicTextureAlpha":false},
{"name":"Paint2","id":"Paint2","customType":"BABYLON.PBRMaterial","backFaceCulling":true,"checkReadyOnlyOnce":false,"maxSimultaneousLights":4,"environmentIntensity":1,"albedo":[0.0011,0.5382,0],"reflectivity":[0.5,0.5,0.5],"roughness":1,"alpha":1,"transparencyMode":0,"alphaCutOff":0.4,"metallic":0.5, 
"metallicTexture":{"name":"smooth_paint.png","level":1,"hasAlpha":true,"coordinatesMode":0,"uOffset":0,"vOffset":0,"uScale":1,"vScale":1,"uAng":0,"vAng":0,"wAng":0,"wrapU":1,"wrapV":1,"coordinatesIndex":0},"useMetallnessFromMetallicTextureBlue":false,"useRoughnessFromMetallicTextureGreen":true,"useAmbientOcclusionFromMetallicTextureRed":false,"useRoughnessFromMetallicTextureAlpha":false}],
"multiMaterials":[],
"skeletons":[{"name":"Armature","id":0,"dimensionsAtRest":[0.6562,0,1],"bones":[
{"name":"engine wheel","index":0,"matrix":[0,0,1,0,-1,0,0,0,0,-1,0,0,0.25,0.5,0.375,1],"rest":[0,0,1,0,-1,0,0,0,0,-1,0,0,0.25,0.5,0.375,1],"parentBoneIndex":-1,"length":0.1562
,"animation":{"dataType":3,"framePerSecond":24,"keys":[
{"frame":0,"values":[0,0,1,0,-1,0,0,0,0,-1,0,0,0.25,0.5,0.375,1]},
{"frame":1,"values":[0.0628,0,0.998,0,-0.998,0,0.0628,0,0,-1,0,0,0.25,0.5,0.375,1]},
{"frame":2,"values":[0.1253,0,0.9921,0,-0.9921,0,0.1253,0,0,-1,0,0,0.25,0.5,0.375,1]},
{"frame":3,"values":[0.1874,0,0.9823,0,-0.9823,0,0.1874,0,0,-1,0,0,0.25,0.5,0.375,1]},
{"frame":4,"values":[0.2487,0,0.9686,0,-0.9686,0,0.2487,0,0,-1,0,0,0.25,0.5,0.375,1]},
{"frame":5,"values":[0.309,0,0.9511,0,-0.9511,0,0.309,0,0,-1,0,0,0.25,0.5,0.375,1]},
{"frame":6,"values":[0.3681,0,0.9298,0,-0.9298,0,0.3681,0,0,-1,0,0,0.25,0.5,0.375,1]},
{"frame":7,"values":[0.4258,0,0.9048,0,-0.9048,0,0.4258,0,0,-1,0,0,0.25,0.5,0.375,1]},
{"frame":8,"values":[0.4818,0,0.8763,0,-0.8763,0,0.4818,0,0,-1,0,0,0.25,0.5,0.375,1]},
{"frame":9,"values":[0.5358,0,0.8443,0,-0.8443,0,0.5358,0,0,-1,0,0,0.25,0.5,0.375,1]},
{"frame":10,"values":[0.5878,0,0.809,0,-0.809,0,0.5878,0,0,-1,0,0,0.25,0.5,0.375,1]},
{"frame":11,"values":[0.6374,0,0.7705,0,-0.7705,0,0.6374,0,0,-1,0,0,0.25,0.5,0.375,1]},
{"frame":12,"values":[0.6845,0,0.729,0,-0.729,0,0.6845,0,0,-1,0,0,0.25,0.5,0.375,1]},
{"frame":13,"values":[0.729,0,0.6845,0,-0.6845,0,0.729,0,0,-1,0,0,0.25,0.5,0.375,1]},
{"frame":14,"values":[0.7705,0,0.6374,0,-0.6374,0,0.7705,0,0,-1,0,0,0.25,0.5,0.375,1]},
{"frame":15,"values":[0.809,0,0.5878,0,-0.5878,0,0.809,0,0,-1,0,0,0.25,0.5,0.375,1]},
{"frame":16,"values":[0.8443,0,0.5358,0,-0.5358,0,0.8443,0,0,-1,0,0,0.25,0.5,0.375,1]},
{"frame":17,"values":[0.8763,0,0.4818,0,-0.4818,0,0.8763,0,0,-1,0,0,0.25,0.5,0.375,1]},
{"frame":18,"values":[0.9048,0,0.4258,0,-0.4258,0,0.9048,0,0,-1,0,0,0.25,0.5,0.375,1]},
{"frame":19,"values":[0.9298,0,0.3681,0,-0.3681,0,0.9298,0,0,-1,0,0,0.25,0.5,0.375,1]},
{"frame":20,"values":[0.9511,0,0.309,0,-0.309,0,0.9511,0,0,-1,0,0,0.25,0.5,0.375,1]},
{"frame":21,"values":[0.9686,0,0.2487,0,-0.2487,0,0.9686,0,0,-1,0,0,0.25,0.5,0.375,1]},
{"frame":22,"values":[0.9823,0,0.1874,0,-0.1874,0,0.9823,0,0,-1,0,0,0.25,0.5,0.375,1]},
{"frame":23,"values":[0.9921,0,0.1253,0,-0.1253,0,0.9921,0,0,-1,0,0,0.25,0.5,0.375,1]},
{"frame":24,"values":[0.998,0,0.0628,0,-0.0628,0,0.998,0,0,-1,0,0,0.25,0.5,0.375,1]},
{"frame":25,"values":[1,0,0,0,0,0,1,0,0,-1,0,0,0.25,0.5,0.375,1]},
{"frame":26,"values":[0.998,0,-0.0628,0,0.0628,0,0.998,0,0,-1,0,0,0.25,0.5,0.375,1]},
{"frame":27,"values":[0.9921,0,-0.1253,0,0.1253,0,0.9921,0,0,-1,0,0,0.25,0.5,0.375,1]},
{"frame":28,"values":[0.9823,0,-0.1874,0,0.1874,0,0.9823,0,0,-1,0,0,0.25,0.5,0.375,1]},
{"frame":29,"values":[0.9686,0,-0.2487,0,0.2487,0,0.9686,0,0,-1,0,0,0.25,0.5,0.375,1]},
{"frame":30,"values":[0.9511,0,-0.309,0,0.309,0,0.9511,0,0,-1,0,0,0.25,0.5,0.375,1]},
{"frame":31,"values":[0.9298,0,-0.3681,0,0.3681,0,0.9298,0,0,-1,0,0,0.25,0.5,0.375,1]},
{"frame":32,"values":[0.9048,0,-0.4258,0,0.4258,0,0.9048,0,0,-1,0,0,0.25,0.5,0.375,1]},
{"frame":33,"values":[0.8763,0,-0.4818,0,0.4818,0,0.8763,0,0,-1,0,0,0.25,0.5,0.375,1]},
{"frame":34,"values":[0.8443,0,-0.5358,0,0.5358,0,0.8443,0,0,-1,0,0,0.25,0.5,0.375,1]},
{"frame":35,"values":[0.809,0,-0.5878,0,0.5878,0,0.809,0,0,-1,0,0,0.25,0.5,0.375,1]},
{"frame":36,"values":[0.7705,0,-0.6374,0,0.6374,0,0.7705,0,0,-1,0,0,0.25,0.5,0.375,1]},
{"frame":37,"values":[0.729,0,-0.6845,0,0.6845,0,0.729,0,0,-1,0,0,0.25,0.5,0.375,1]},
{"frame":38,"values":[0.6845,0,-0.729,0,0.729,0,0.6845,0,0,-1,0,0,0.25,0.5,0.375,1]},
{"frame":39,"values":[0.6374,0,-0.7705,0,0.7705,0,0.6374,0,0,-1,0,0,0.25,0.5,0.375,1]},
{"frame":40,"values":[0.5878,0,-0.809,0,0.809,0,0.5878,0,0,-1,0,0,0.25,0.5,0.375,1]},
{"frame":41,"values":[0.5358,0,-0.8443,0,0.8443,0,0.5358,0,0,-1,0,0,0.25,0.5,0.375,1]},
{"frame":42,"values":[0.4818,0,-0.8763,0,0.8763,0,0.4818,0,0,-1,0,0,0.25,0.5,0.375,1]},
{"frame":43,"values":[0.4258,0,-0.9048,0,0.9048,0,0.4258,0,0,-1,0,0,0.25,0.5,0.375,1]},
{"frame":44,"values":[0.3681,0,-0.9298,0,0.9298,0,0.3681,0,0,-1,0,0,0.25,0.5,0.375,1]},
{"frame":45,"values":[0.309,0,-0.9511,0,0.9511,0,0.309,0,0,-1,0,0,0.25,0.5,0.375,1]},
{"frame":46,"values":[0.2487,0,-0.9686,0,0.9686,0,0.2487,0,0,-1,0,0,0.25,0.5,0.375,1]},
{"frame":47,"values":[0.1874,0,-0.9823,0,0.9823,0,0.1874,0,0,-1,0,0,0.25,0.5,0.375,1]},
{"frame":48,"values":[0.1253,0,-0.9921,0,0.9921,0,0.1253,0,0,-1,0,0,0.25,0.5,0.375,1]},
{"frame":49,"values":[0.0628,0,-0.998,0,0.998,0,0.0628,0,0,-1,0,0,0.25,0.5,0.375,1]},
{"frame":50,"values":[0,0,-1,0,1,0,0,0,0,-1,0,0,0.25,0.5,0.375,1]},
{"frame":51,"values":[-0.0628,0,-0.998,0,0.998,0,-0.0628,0,0,-1,0,0,0.25,0.5,0.375,1]},
{"frame":52,"values":[-0.1253,0,-0.9921,0,0.9921,0,-0.1253,0,0,-1,0,0,0.25,0.5,0.375,1]},
{"frame":53,"values":[-0.1874,0,-0.9823,0,0.9823,0,-0.1874,0,0,-1,0,0,0.25,0.5,0.375,1]},
{"frame":54,"values":[-0.2487,0,-0.9686,0,0.9686,0,-0.2487,0,0,-1,0,0,0.25,0.5,0.375,1]},
{"frame":55,"values":[-0.309,0,-0.9511,0,0.9511,0,-0.309,0,0,-1,0,0,0.25,0.5,0.375,1]},
{"frame":56,"values":[-0.3681,0,-0.9298,0,0.9298,0,-0.3681,0,0,-1,0,0,0.25,0.5,0.375,1]},
{"frame":57,"values":[-0.4258,0,-0.9048,0,0.9048,0,-0.4258,0,0,-1,0,0,0.25,0.5,0.375,1]},
{"frame":58,"values":[-0.4818,0,-0.8763,0,0.8763,0,-0.4818,0,0,-1,0,0,0.25,0.5,0.375,1]},
{"frame":59,"values":[-0.5358,0,-0.8443,0,0.8443,0,-0.5358,0,0,-1,0,0,0.25,0.5,0.375,1]},
{"frame":60,"values":[-0.5878,0,-0.809,0,0.809,0,-0.5878,0,0,-1,0,0,0.25,0.5,0.375,1]},
{"frame":61,"values":[-0.6374,0,-0.7705,0,0.7705,0,-0.6374,0,0,-1,0,0,0.25,0.5,0.375,1]},
{"frame":62,"values":[-0.6845,0,-0.729,0,0.729,0,-0.6845,0,0,-1,0,0,0.25,0.5,0.375,1]},
{"frame":63,"values":[-0.729,0,-0.6845,0,0.6845,0,-0.729,0,0,-1,0,0,0.25,0.5,0.375,1]},
{"frame":64,"values":[-0.7705,0,-0.6374,0,0.6374,0,-0.7705,0,0,-1,0,0,0.25,0.5,0.375,1]},
{"frame":65,"values":[-0.809,0,-0.5878,0,0.5878,0,-0.809,0,0,-1,0,0,0.25,0.5,0.375,1]},
{"frame":66,"values":[-0.8443,0,-0.5358,0,0.5358,0,-0.8443,0,0,-1,0,0,0.25,0.5,0.375,1]},
{"frame":67,"values":[-0.8763,0,-0.4818,0,0.4818,0,-0.8763,0,0,-1,0,0,0.25,0.5,0.375,1]},
{"frame":68,"values":[-0.9048,0,-0.4258,0,0.4258,0,-0.9048,0,0,-1,0,0,0.25,0.5,0.375,1]},
{"frame":69,"values":[-0.9298,0,-0.3681,0,0.3681,0,-0.9298,0,0,-1,0,0,0.25,0.5,0.375,1]},
{"frame":70,"values":[-0.9511,0,-0.309,0,0.309,0,-0.9511,0,0,-1,0,0,0.25,0.5,0.375,1]},
{"frame":71,"values":[-0.9686,0,-0.2487,0,0.2487,0,-0.9686,0,0,-1,0,0,0.25,0.5,0.375,1]},
{"frame":72,"values":[-0.9823,0,-0.1874,0,0.1874,0,-0.9823,0,0,-1,0,0,0.25,0.5,0.375,1]},
{"frame":73,"values":[-0.9921,0,-0.1253,0,0.1253,0,-0.9921,0,0,-1,0,0,0.25,0.5,0.375,1]},
{"frame":74,"values":[-0.998,0,-0.0628,0,0.0628,0,-0.998,0,0,-1,0,0,0.25,0.5,0.375,1]},
{"frame":75,"values":[-1,0,0,0,0,0,-1,0,0,-1,0,0,0.25,0.5,0.375,1]},
{"frame":76,"values":[-0.998,0,0.0628,0,-0.0628,0,-0.998,0,0,-1,0,0,0.25,0.5,0.375,1]},
{"frame":77,"values":[-0.9921,0,0.1253,0,-0.1253,0,-0.9921,0,0,-1,0,0,0.25,0.5,0.375,1]},
{"frame":78,"values":[-0.9823,0,0.1874,0,-0.1874,0,-0.9823,0,0,-1,0,0,0.25,0.5,0.375,1]},
{"frame":79,"values":[-0.9686,0,0.2487,0,-0.2487,0,-0.9686,0,0,-1,0,0,0.25,0.5,0.375,1]},
{"frame":80,"values":[-0.9511,0,0.309,0,-0.309,0,-0.9511,0,0,-1,0,0,0.25,0.5,0.375,1]},
{"frame":81,"values":[-0.9298,0,0.3681,0,-0.3681,0,-0.9298,0,0,-1,0,0,0.25,0.5,0.375,1]},
{"frame":82,"values":[-0.9048,0,0.4258,0,-0.4258,0,-0.9048,0,0,-1,0,0,0.25,0.5,0.375,1]},
{"frame":83,"values":[-0.8763,0,0.4818,0,-0.4818,0,-0.8763,0,0,-1,0,0,0.25,0.5,0.375,1]},
{"frame":84,"values":[-0.8443,0,0.5358,0,-0.5358,0,-0.8443,0,0,-1,0,0,0.25,0.5,0.375,1]},
{"frame":85,"values":[-0.809,0,0.5878,0,-0.5878,0,-0.809,0,0,-1,0,0,0.25,0.5,0.375,1]},
{"frame":86,"values":[-0.7705,0,0.6374,0,-0.6374,0,-0.7705,0,0,-1,0,0,0.25,0.5,0.375,1]},
{"frame":87,"values":[-0.729,0,0.6845,0,-0.6845,0,-0.729,0,0,-1,0,0,0.25,0.5,0.375,1]},
{"frame":88,"values":[-0.6845,0,0.729,0,-0.729,0,-0.6845,0,0,-1,0,0,0.25,0.5,0.375,1]},
{"frame":89,"values":[-0.6374,0,0.7705,0,-0.7705,0,-0.6374,0,0,-1,0,0,0.25,0.5,0.375,1]},
{"frame":90,"values":[-0.5878,0,0.809,0,-0.809,0,-0.5878,0,0,-1,0,0,0.25,0.5,0.375,1]},
{"frame":91,"values":[-0.5358,0,0.8443,0,-0.8443,0,-0.5358,0,0,-1,0,0,0.25,0.5,0.375,1]},
{"frame":92,"values":[-0.4818,0,0.8763,0,-0.8763,0,-0.4818,0,0,-1,0,0,0.25,0.5,0.375,1]},
{"frame":93,"values":[-0.4258,0,0.9048,0,-0.9048,0,-0.4258,0,0,-1,0,0,0.25,0.5,0.375,1]},
{"frame":94,"values":[-0.3681,0,0.9298,0,-0.9298,0,-0.3681,0,0,-1,0,0,0.25,0.5,0.375,1]},
{"frame":95,"values":[-0.309,0,0.9511,0,-0.9511,0,-0.309,0,0,-1,0,0,0.25,0.5,0.375,1]},
{"frame":96,"values":[-0.2487,0,0.9686,0,-0.9686,0,-0.2487,0,0,-1,0,0,0.25,0.5,0.375,1]},
{"frame":97,"values":[-0.1874,0,0.9823,0,-0.9823,0,-0.1874,0,0,-1,0,0,0.25,0.5,0.375,1]},
{"frame":98,"values":[-0.1253,0,0.9921,0,-0.9921,0,-0.1253,0,0,-1,0,0,0.25,0.5,0.375,1]},
{"frame":99,"values":[-0.0628,0,0.998,0,-0.998,0,-0.0628,0,0,-1,0,0,0.25,0.5,0.375,1]},
{"frame":100,"values":[0,0,1,0,-1,0,0,0,0,-1,0,0,0.25,0.5,0.375,1]}],"loopBehavior":1,"name":"anim","property":"_matrix"}},
{"name":"first console","index":1,"matrix":[-0.1585,-0.9874,0,0,0.9874,-0.1585,0,0,0,0,1,0,0,0.1562,0,1],"rest":[-0.1758,-0.9844,0,0,0.9844,-0.1758,0,0,0,0,1,0,0,0.1562,0,1],"parentBoneIndex":0,"length":0.8888
,"animation":{"dataType":3,"framePerSecond":24,"keys":[
{"frame":0,"values":[-0.1585,-0.9874,0,0,0.9874,-0.1585,0,0,0,0,1,0,0,0.1562,0,1]},
{"frame":1,"values":[-0.096,-0.9954,0,0,0.9954,-0.096,0,0,0,0,1,0,0,0.1563,0,1]},
{"frame":2,"values":[-0.0326,-0.9995,0,0,0.9995,-0.0326,0,0,0,0,1,0,0,0.1563,0,1]},
{"frame":3,"values":[0.0313,-0.9995,0,0,0.9995,0.0313,0,0,0,0,1,0,0,0.1562,0,1]},
{"frame":4,"values":[0.0957,-0.9954,0,0,0.9954,0.0957,0,0,0,0,1,0,0,0.1562,0,1]},
{"frame":5,"values":[0.1601,-0.9871,0,0,0.9871,0.1601,0,0,0,0,1,0,0,0.1563,0,1]},
{"frame":6,"values":[0.2243,-0.9745,0,0,0.9745,0.2243,0,0,0,0,1,0,0,0.1563,0,1]},
{"frame":7,"values":[0.2879,-0.9577,0,0,0.9577,0.2879,0,0,0,0,1,0,0,0.1563,0,1]},
{"frame":8,"values":[0.3508,-0.9365,0,0,0.9365,0.3508,0,0,0,0,1,0,0,0.1563,0,1]},
{"frame":9,"values":[0.4125,-0.9109,0,0,0.9109,0.4125,0,0,0,0,1,0,0,0.1563,0,1]},
{"frame":10,"values":[0.4729,-0.8811,0,0,0.8811,0.4729,0,0,0,0,1,0,0,0.1563,0,1]},
{"frame":11,"values":[0.5314,-0.8471,0,0,0.8471,0.5314,0,0,0,0,1,0,0,0.1562,0,1]},
{"frame":12,"values":[0.5879,-0.8089,0,0,0.8089,0.5879,0,0,0,0,1,0,0,0.1563,0,1]},
{"frame":13,"values":[0.6421,-0.7666,0,0,0.7666,0.6421,0,0,0,0,1,0,0,0.1563,0,1]},
{"frame":14,"values":[0.6935,-0.7205,0,0,0.7205,0.6935,0,0,0,0,1,0,0,0.1562,0,1]},
{"frame":15,"values":[0.7419,-0.6705,0,0,0.6705,0.7419,0,0,0,0,1,0,0,0.1563,0,1]},
{"frame":16,"values":[0.7871,-0.6169,0,0,0.6169,0.7871,0,0,0,0,1,0,0,0.1563,0,1]},
{"frame":17,"values":[0.8286,-0.5599,0,0,0.5599,0.8286,0,0,0,0,1,0,0,0.1562,0,1]},
{"frame":18,"values":[0.8662,-0.4997,0,0,0.4997,0.8662,0,0,0,0,1,0,0,0.1563,0,1]},
{"frame":19,"values":[0.8996,-0.4367,0,0,0.4367,0.8996,0,0,0,0,1,0,0,0.1562,0,1]},
{"frame":20,"values":[0.9286,-0.371,0,0,0.371,0.9286,0,0,0,0,1,0,0,0.1563,0,1]},
{"frame":21,"values":[0.953,-0.303,0,0,0.303,0.953,0,0,0,0,1,0,0,0.1562,0,1]},
{"frame":22,"values":[0.9725,-0.233,0,0,0.233,0.9725,0,0,0,0,1,0,0,0.1562,0,1]},
{"frame":23,"values":[0.9869,-0.1615,0,0,0.1615,0.9869,0,0,0,0,1,0,0,0.1563,0,1]},
{"frame":24,"values":[0.9961,-0.0887,0,0,0.0887,0.9961,0,0,0,0,1,0,0,0.1563,0,1]},
{"frame":25,"values":[0.9999,-0.0151,0,0,0.0151,0.9999,0,0,0,0,1,0,0,0.1563,0,1]},
{"frame":26,"values":[0.9983,0.0588,0,0,-0.0588,0.9983,0,0,0,0,1,0,0,0.1563,0,1]},
{"frame":27,"values":[0.9912,0.1326,0,0,-0.1326,0.9912,0,0,0,0,1,0,0,0.1563,0,1]},
{"frame":28,"values":[0.9786,0.2059,0,0,-0.2059,0.9786,0,0,0,0,1,0,0,0.1562,0,1]},
{"frame":29,"values":[0.9605,0.2782,0,0,-0.2782,0.9605,0,0,0,0,1,0,0,0.1562,0,1]},
{"frame":30,"values":[0.9371,0.349,0,0,-0.349,0.9371,0,0,0,0,1,0,0,0.1563,0,1]},
{"frame":31,"values":[0.9085,0.418,0,0,-0.418,0.9085,0,0,0,0,1,0,0,0.1563,0,1]},
{"frame":32,"values":[0.8748,0.4845,0,0,-0.4845,0.8748,0,0,0,0,1,0,0,0.1562,0,1]},
{"frame":33,"values":[0.8363,0.5483,0,0,-0.5483,0.8363,0,0,0,0,1,0,0,0.1563,0,1]},
{"frame":34,"values":[0.7933,0.6088,0,0,-0.6088,0.7933,0,0,0,0,1,0,0,0.1562,0,1]},
{"frame":35,"values":[0.7461,0.6659,0,0,-0.6659,0.7461,0,0,0,0,1,0,0,0.1563,0,1]},
{"frame":36,"values":[0.695,0.719,0,0,-0.719,0.695,0,0,0,0,1,0,0,0.1563,0,1]},
{"frame":37,"values":[0.6405,0.768,0,0,-0.768,0.6405,0,0,0,0,1,0,0,0.1563,0,1]},
{"frame":38,"values":[0.5829,0.8126,0,0,-0.8126,0.5829,0,0,0,0,1,0,0,0.1563,0,1]},
{"frame":39,"values":[0.5227,0.8525,0,0,-0.8525,0.5227,0,0,0,0,1,0,0,0.1562,0,1]},
{"frame":40,"values":[0.4603,0.8878,0,0,-0.8878,0.4603,0,0,0,0,1,0,0,0.1562,0,1]},
{"frame":41,"values":[0.3961,0.9182,0,0,-0.9182,0.3961,0,0,0,0,1,0,0,0.1562,0,1]},
{"frame":42,"values":[0.3307,0.9437,0,0,-0.9437,0.3307,0,0,0,0,1,0,0,0.1563,0,1]},
{"frame":43,"values":[0.2644,0.9644,0,0,-0.9644,0.2644,0,0,0,0,1,0,0,0.1562,0,1]},
{"frame":44,"values":[0.1976,0.9803,0,0,-0.9803,0.1976,0,0,0,0,1,0,0,0.1563,0,1]},
{"frame":45,"values":[0.1307,0.9914,0,0,-0.9914,0.1307,0,0,0,0,1,0,0,0.1563,0,1]},
{"frame":46,"values":[0.0641,0.9979,0,0,-0.9979,0.0641,0,0,0,0,1,0,0,0.1563,0,1]},
{"frame":47,"values":[-0.0018,1,0,0,-1,-0.0018,0,0,0,0,1,0,0,0.1562,0,1]},
{"frame":48,"values":[-0.0669,0.9978,0,0,-0.9978,-0.0669,0,0,0,0,1,0,0,0.1563,0,1]},
{"frame":49,"values":[-0.1307,0.9914,0,0,-0.9914,-0.1307,0,0,0,0,1,0,0,0.1563,0,1]},
{"frame":50,"values":[-0.1931,0.9812,0,0,-0.9812,-0.1931,0,0,0,0,1,0,0,0.1562,0,1]},
{"frame":51,"values":[-0.2538,0.9673,0,0,-0.9673,-0.2538,0,0,0,0,1,0,0,0.1563,0,1]},
{"frame":52,"values":[-0.3127,0.9499,0,0,-0.9499,-0.3127,0,0,0,0,1,0,0,0.1562,0,1]},
{"frame":53,"values":[-0.3696,0.9292,0,0,-0.9292,-0.3696,0,0,0,0,1,0,0,0.1562,0,1]},
{"frame":54,"values":[-0.4243,0.9055,0,0,-0.9055,-0.4243,0,0,0,0,1,0,0,0.1562,0,1]},
{"frame":55,"values":[-0.4768,0.879,0,0,-0.879,-0.4768,0,0,0,0,1,0,0,0.1562,0,1]},
{"frame":56,"values":[-0.527,0.8499,0,0,-0.8499,-0.527,0,0,0,0,1,0,0,0.1562,0,1]},
{"frame":57,"values":[-0.5747,0.8183,0,0,-0.8183,-0.5747,0,0,0,0,1,0,0,0.1562,0,1]},
{"frame":58,"values":[-0.6201,0.7846,0,0,-0.7846,-0.6201,0,0,0,0,1,0,0,0.1562,0,1]},
{"frame":59,"values":[-0.6629,0.7487,0,0,-0.7487,-0.6629,0,0,0,0,1,0,0,0.1562,0,1]},
{"frame":60,"values":[-0.7032,0.711,0,0,-0.711,-0.7032,0,0,0,0,1,0,0,0.1563,0,1]},
{"frame":61,"values":[-0.741,0.6716,0,0,-0.6716,-0.741,0,0,0,0,1,0,0,0.1562,0,1]},
{"frame":62,"values":[-0.7762,0.6305,0,0,-0.6305,-0.7762,0,0,0,0,1,0,0,0.1562,0,1]},
{"frame":63,"values":[-0.8088,0.5881,0,0,-0.5881,-0.8088,0,0,0,0,1,0,0,0.1562,0,1]},
{"frame":64,"values":[-0.8389,0.5443,0,0,-0.5443,-0.8389,0,0,0,0,1,0,0,0.1562,0,1]},
{"frame":65,"values":[-0.8664,0.4993,0,0,-0.4993,-0.8664,0,0,0,0,1,0,0,0.1562,0,1]},
{"frame":66,"values":[-0.8914,0.4532,0,0,-0.4532,-0.8914,0,0,0,0,1,0,0,0.1562,0,1]},
{"frame":67,"values":[-0.9138,0.4061,0,0,-0.4061,-0.9138,0,0,0,0,1,0,0,0.1563,0,1]},
{"frame":68,"values":[-0.9336,0.3582,0,0,-0.3582,-0.9336,0,0,0,0,1,0,0,0.1563,0,1]},
{"frame":69,"values":[-0.9509,0.3094,0,0,-0.3094,-0.9509,0,0,0,0,1,0,0,0.1562,0,1]},
{"frame":70,"values":[-0.9656,0.26,0,0,-0.26,-0.9656,0,0,0,0,1,0,0,0.1562,0,1]},
{"frame":71,"values":[-0.9777,0.2099,0,0,-0.2099,-0.9777,0,0,0,0,1,0,0,0.1563,0,1]},
{"frame":72,"values":[-0.9872,0.1594,0,0,-0.1594,-0.9872,0,0,0,0,1,0,0,0.1562,0,1]},
{"frame":73,"values":[-0.9941,0.1083,0,0,-0.1083,-0.9941,0,0,0,0,1,0,0,0.1562,0,1]},
{"frame":74,"values":[-0.9984,0.0569,0,0,-0.0569,-0.9984,0,0,0,0,1,0,0,0.1562,0,1]},
{"frame":75,"values":[-1,0.0053,0,0,-0.0053,-1,0,0,0,0,1,0,0,0.1562,0,1]},
{"frame":76,"values":[-0.9989,-0.0466,0,0,0.0466,-0.9989,0,0,0,0,1,0,0,0.1562,0,1]},
{"frame":77,"values":[-0.9951,-0.0985,0,0,0.0985,-0.9951,0,0,0,0,1,0,0,0.1562,0,1]},
{"frame":78,"values":[-0.9886,-0.1504,0,0,0.1504,-0.9886,0,0,0,0,1,0,0,0.1562,0,1]},
{"frame":79,"values":[-0.9794,-0.2022,0,0,0.2022,-0.9794,0,0,0,0,1,0,0,0.1562,0,1]},
{"frame":80,"values":[-0.9673,-0.2537,0,0,0.2537,-0.9673,0,0,0,0,1,0,0,0.1562,0,1]},
{"frame":81,"values":[-0.9524,-0.3048,0,0,0.3048,-0.9524,0,0,0,0,1,0,0,0.1562,0,1]},
{"frame":82,"values":[-0.9347,-0.3555,0,0,0.3555,-0.9347,0,0,0,0,1,0,0,0.1563,0,1]},
{"frame":83,"values":[-0.9141,-0.4055,0,0,0.4055,-0.9141,0,0,0,0,1,0,0,0.1563,0,1]},
{"frame":84,"values":[-0.8907,-0.4547,0,0,0.4547,-0.8907,0,0,0,0,1,0,0,0.1562,0,1]},
{"frame":85,"values":[-0.8643,-0.5029,0,0,0.5029,-0.8643,0,0,0,0,1,0,0,0.1562,0,1]},
{"frame":86,"values":[-0.8352,-0.55,0,0,0.55,-0.8352,0,0,0,0,1,0,0,0.1562,0,1]},
{"frame":87,"values":[-0.8031,-0.5958,0,0,0.5958,-0.8031,0,0,0,0,1,0,0,0.1562,0,1]},
{"frame":88,"values":[-0.7682,-0.6402,0,0,0.6402,-0.7682,0,0,0,0,1,0,0,0.1563,0,1]},
{"frame":89,"values":[-0.7306,-0.6828,0,0,0.6828,-0.7306,0,0,0,0,1,0,0,0.1562,0,1]},
{"frame":90,"values":[-0.6902,-0.7236,0,0,0.7236,-0.6902,0,0,0,0,1,0,0,0.1562,0,1]},
{"frame":91,"values":[-0.6471,-0.7624,0,0,0.7624,-0.6471,0,0,0,0,1,0,0,0.1562,0,1]},
{"frame":92,"values":[-0.6015,-0.7989,0,0,0.7989,-0.6015,0,0,0,0,1,0,0,0.1562,0,1]},
{"frame":93,"values":[-0.5533,-0.833,0,0,0.833,-0.5533,0,0,0,0,1,0,0,0.1563,0,1]},
{"frame":94,"values":[-0.5028,-0.8644,0,0,0.8644,-0.5028,0,0,0,0,1,0,0,0.1562,0,1]},
{"frame":95,"values":[-0.45,-0.893,0,0,0.893,-0.45,0,0,0,0,1,0,0,0.1563,0,1]},
{"frame":96,"values":[-0.3952,-0.9186,0,0,0.9186,-0.3952,0,0,0,0,1,0,0,0.1563,0,1]},
{"frame":97,"values":[-0.3384,-0.941,0,0,0.941,-0.3384,0,0,0,0,1,0,0,0.1563,0,1]},
{"frame":98,"values":[-0.2799,-0.96,0,0,0.96,-0.2799,0,0,0,0,1,0,0,0.1562,0,1]},
{"frame":99,"values":[-0.2199,-0.9755,0,0,0.9755,-0.2199,0,0,0,0,1,0,0,0.1563,0,1]},
{"frame":100,"values":[-0.1585,-0.9874,0,0,0.9874,-0.1585,0,0,0,0,1,0,0,0.1562,0,1]}],"loopBehavior":1,"name":"anim","property":"_matrix"}},
{"name":"last console","index":2,"matrix":[0.1535,-0.9882,0,0,0.9882,0.1535,0,0,0,0,1,0,0,0.8888,0,1],"rest":[0.4093,-0.9124,0,0,0.9124,0.4093,0,0,0,0,1,0,0,0.8888,0,1],"parentBoneIndex":1,"length":0.5154
,"animation":{"dataType":3,"framePerSecond":24,"keys":[
{"frame":0,"values":[0.1535,-0.9882,0,0,0.9882,0.1535,0,0,0,0,1,0,0,0.8888,0,1]},
{"frame":1,"values":[0.1344,-0.9909,0,0,0.9909,0.1344,0,0,0,0,1,0,0,0.8888,0,1]},
{"frame":2,"values":[0.1147,-0.9934,0,0,0.9934,0.1147,0,0,0,0,1,0,0,0.8888,0,1]},
{"frame":3,"values":[0.0945,-0.9955,0,0,0.9955,0.0945,0,0,0,0,1,0,0,0.8888,0,1]},
{"frame":4,"values":[0.0739,-0.9973,0,0,0.9973,0.0739,0,0,0,0,1,0,0,0.8888,0,1]},
{"frame":5,"values":[0.0529,-0.9986,0,0,0.9986,0.0529,0,0,0,0,1,0,0,0.8888,0,1]},
{"frame":6,"values":[0.0316,-0.9995,0,0,0.9995,0.0316,0,0,0,0,1,0,0,0.8888,0,1]},
{"frame":7,"values":[0.0102,-0.9999,0,0,0.9999,0.0102,0,0,0,0,1,0,0,0.8888,0,1]},
{"frame":8,"values":[-0.0114,-0.9999,0,0,0.9999,-0.0114,0,0,0,0,1,0,0,0.8888,0,1]},
{"frame":9,"values":[-0.033,-0.9995,0,0,0.9995,-0.033,0,0,0,0,1,0,0,0.8888,0,1]},
{"frame":10,"values":[-0.0545,-0.9985,0,0,0.9985,-0.0545,0,0,0,0,1,0,0,0.8888,0,1]},
{"frame":11,"values":[-0.0759,-0.9971,0,0,0.9971,-0.0759,0,0,0,0,1,0,0,0.8888,0,1]},
{"frame":12,"values":[-0.097,-0.9953,0,0,0.9953,-0.097,0,0,0,0,1,0,0,0.8888,0,1]},
{"frame":13,"values":[-0.1179,-0.993,0,0,0.993,-0.1179,0,0,0,0,1,0,0,0.8888,0,1]},
{"frame":14,"values":[-0.1383,-0.9904,0,0,0.9904,-0.1383,0,0,0,0,1,0,0,0.8888,0,1]},
{"frame":15,"values":[-0.1583,-0.9874,0,0,0.9874,-0.1583,0,0,0,0,1,0,0,0.8888,0,1]},
{"frame":16,"values":[-0.1777,-0.9841,0,0,0.9841,-0.1777,0,0,0,0,1,0,0,0.8888,0,1]},
{"frame":17,"values":[-0.1964,-0.9805,0,0,0.9805,-0.1964,0,0,0,0,1,0,0,0.8888,0,1]},
{"frame":18,"values":[-0.2145,-0.9767,0,0,0.9767,-0.2145,0,0,0,0,1,0,0,0.8888,0,1]},
{"frame":19,"values":[-0.2318,-0.9728,0,0,0.9728,-0.2318,0,0,0,0,1,0,0,0.8888,0,1]},
{"frame":20,"values":[-0.2482,-0.9687,0,0,0.9687,-0.2482,0,0,0,0,1,0,0,0.8888,0,1]},
{"frame":21,"values":[-0.2637,-0.9646,0,0,0.9646,-0.2637,0,0,0,0,1,0,0,0.8888,0,1]},
{"frame":22,"values":[-0.2783,-0.9605,0,0,0.9605,-0.2783,0,0,0,0,1,0,0,0.8888,0,1]},
{"frame":23,"values":[-0.2918,-0.9565,0,0,0.9565,-0.2918,0,0,0,0,1,0,0,0.8888,0,1]},
{"frame":24,"values":[-0.3042,-0.9526,0,0,0.9526,-0.3042,0,0,0,0,1,0,0,0.8888,0,1]},
{"frame":25,"values":[-0.3155,-0.9489,0,0,0.9489,-0.3155,0,0,0,0,1,0,0,0.8888,0,1]},
{"frame":26,"values":[-0.3256,-0.9455,0,0,0.9455,-0.3256,0,0,0,0,1,0,0,0.8888,0,1]},
{"frame":27,"values":[-0.3345,-0.9424,0,0,0.9424,-0.3345,0,0,0,0,1,0,0,0.8888,0,1]},
{"frame":28,"values":[-0.3422,-0.9396,0,0,0.9396,-0.3422,0,0,0,0,1,0,0,0.8888,0,1]},
{"frame":29,"values":[-0.3485,-0.9373,0,0,0.9373,-0.3485,0,0,0,0,1,0,0,0.8888,0,1]},
{"frame":30,"values":[-0.3536,-0.9354,0,0,0.9354,-0.3536,0,0,0,0,1,0,0,0.8888,0,1]},
{"frame":31,"values":[-0.3573,-0.934,0,0,0.934,-0.3573,0,0,0,0,1,0,0,0.8888,0,1]},
{"frame":32,"values":[-0.3597,-0.9331,0,0,0.9331,-0.3597,0,0,0,0,1,0,0,0.8888,0,1]},
{"frame":33,"values":[-0.3607,-0.9327,0,0,0.9327,-0.3607,0,0,0,0,1,0,0,0.8888,0,1]},
{"frame":34,"values":[-0.3604,-0.9328,0,0,0.9328,-0.3604,0,0,0,0,1,0,0,0.8888,0,1]},
{"frame":35,"values":[-0.3587,-0.9334,0,0,0.9334,-0.3587,0,0,0,0,1,0,0,0.8888,0,1]},
{"frame":36,"values":[-0.3557,-0.9346,0,0,0.9346,-0.3557,0,0,0,0,1,0,0,0.8888,0,1]},
{"frame":37,"values":[-0.3514,-0.9362,0,0,0.9362,-0.3514,0,0,0,0,1,0,0,0.8888,0,1]},
{"frame":38,"values":[-0.3457,-0.9384,0,0,0.9384,-0.3457,0,0,0,0,1,0,0,0.8888,0,1]},
{"frame":39,"values":[-0.3387,-0.9409,0,0,0.9409,-0.3387,0,0,0,0,1,0,0,0.8888,0,1]},
{"frame":40,"values":[-0.3304,-0.9438,0,0,0.9438,-0.3304,0,0,0,0,1,0,0,0.8888,0,1]},
{"frame":41,"values":[-0.321,-0.9471,0,0,0.9471,-0.321,0,0,0,0,1,0,0,0.8888,0,1]},
{"frame":42,"values":[-0.3103,-0.9506,0,0,0.9506,-0.3103,0,0,0,0,1,0,0,0.8888,0,1]},
{"frame":43,"values":[-0.2984,-0.9544,0,0,0.9544,-0.2984,0,0,0,0,1,0,0,0.8888,0,1]},
{"frame":44,"values":[-0.2855,-0.9584,0,0,0.9584,-0.2855,0,0,0,0,1,0,0,0.8888,0,1]},
{"frame":45,"values":[-0.2715,-0.9624,0,0,0.9624,-0.2715,0,0,0,0,1,0,0,0.8888,0,1]},
{"frame":46,"values":[-0.2565,-0.9666,0,0,0.9666,-0.2565,0,0,0,0,1,0,0,0.8888,0,1]},
{"frame":47,"values":[-0.2405,-0.9706,0,0,0.9706,-0.2405,0,0,0,0,1,0,0,0.8888,0,1]},
{"frame":48,"values":[-0.2237,-0.9747,0,0,0.9747,-0.2237,0,0,0,0,1,0,0,0.8888,0,1]},
{"frame":49,"values":[-0.206,-0.9786,0,0,0.9786,-0.206,0,0,0,0,1,0,0,0.8888,0,1]},
{"frame":50,"values":[-0.1876,-0.9822,0,0,0.9822,-0.1876,0,0,0,0,1,0,0,0.8888,0,1]},
{"frame":51,"values":[-0.1685,-0.9857,0,0,0.9857,-0.1685,0,0,0,0,1,0,0,0.8888,0,1]},
{"frame":52,"values":[-0.1488,-0.9889,0,0,0.9889,-0.1488,0,0,0,0,1,0,0,0.8888,0,1]},
{"frame":53,"values":[-0.1287,-0.9917,0,0,0.9917,-0.1287,0,0,0,0,1,0,0,0.8888,0,1]},
{"frame":54,"values":[-0.108,-0.9941,0,0,0.9941,-0.108,0,0,0,0,1,0,0,0.8888,0,1]},
{"frame":55,"values":[-0.087,-0.9962,0,0,0.9962,-0.087,0,0,0,0,1,0,0,0.8888,0,1]},
{"frame":56,"values":[-0.0658,-0.9978,0,0,0.9978,-0.0658,0,0,0,0,1,0,0,0.8888,0,1]},
{"frame":57,"values":[-0.0443,-0.999,0,0,0.999,-0.0443,0,0,0,0,1,0,0,0.8888,0,1]},
{"frame":58,"values":[-0.0227,-0.9997,0,0,0.9997,-0.0227,0,0,0,0,1,0,0,0.8888,0,1]},
{"frame":59,"values":[-0.0011,-1,0,0,1,-0.0011,0,0,0,0,1,0,0,0.8888,0,1]},
{"frame":60,"values":[0.0204,-0.9998,0,0,0.9998,0.0204,0,0,0,0,1,0,0,0.8888,0,1]},
{"frame":61,"values":[0.0418,-0.9991,0,0,0.9991,0.0418,0,0,0,0,1,0,0,0.8888,0,1]},
{"frame":62,"values":[0.0629,-0.998,0,0,0.998,0.0629,0,0,0,0,1,0,0,0.8888,0,1]},
{"frame":63,"values":[0.0838,-0.9965,0,0,0.9965,0.0838,0,0,0,0,1,0,0,0.8888,0,1]},
{"frame":64,"values":[0.1042,-0.9946,0,0,0.9946,0.1042,0,0,0,0,1,0,0,0.8888,0,1]},
{"frame":65,"values":[0.1242,-0.9923,0,0,0.9923,0.1242,0,0,0,0,1,0,0,0.8888,0,1]},
{"frame":66,"values":[0.1436,-0.9896,0,0,0.9896,0.1436,0,0,0,0,1,0,0,0.8888,0,1]},
{"frame":67,"values":[0.1623,-0.9867,0,0,0.9867,0.1623,0,0,0,0,1,0,0,0.8888,0,1]},
{"frame":68,"values":[0.1804,-0.9836,0,0,0.9836,0.1804,0,0,0,0,1,0,0,0.8888,0,1]},
{"frame":69,"values":[0.1977,-0.9803,0,0,0.9803,0.1977,0,0,0,0,1,0,0,0.8888,0,1]},
{"frame":70,"values":[0.2141,-0.9768,0,0,0.9768,0.2141,0,0,0,0,1,0,0,0.8888,0,1]},
{"frame":71,"values":[0.2296,-0.9733,0,0,0.9733,0.2296,0,0,0,0,1,0,0,0.8888,0,1]},
{"frame":72,"values":[0.2442,-0.9697,0,0,0.9697,0.2442,0,0,0,0,1,0,0,0.8888,0,1]},
{"frame":73,"values":[0.2577,-0.9662,0,0,0.9662,0.2577,0,0,0,0,1,0,0,0.8888,0,1]},
{"frame":74,"values":[0.2701,-0.9628,0,0,0.9628,0.2701,0,0,0,0,1,0,0,0.8888,0,1]},
{"frame":75,"values":[0.2814,-0.9596,0,0,0.9596,0.2814,0,0,0,0,1,0,0,0.8888,0,1]},
{"frame":76,"values":[0.2915,-0.9566,0,0,0.9566,0.2915,0,0,0,0,1,0,0,0.8888,0,1]},
{"frame":77,"values":[0.3004,-0.9538,0,0,0.9538,0.3004,0,0,0,0,1,0,0,0.8888,0,1]},
{"frame":78,"values":[0.3081,-0.9514,0,0,0.9514,0.3081,0,0,0,0,1,0,0,0.8888,0,1]},
{"frame":79,"values":[0.3144,-0.9493,0,0,0.9493,0.3144,0,0,0,0,1,0,0,0.8888,0,1]},
{"frame":80,"values":[0.3195,-0.9476,0,0,0.9476,0.3195,0,0,0,0,1,0,0,0.8888,0,1]},
{"frame":81,"values":[0.3232,-0.9463,0,0,0.9463,0.3232,0,0,0,0,1,0,0,0.8888,0,1]},
{"frame":82,"values":[0.3256,-0.9455,0,0,0.9455,0.3256,0,0,0,0,1,0,0,0.8888,0,1]},
{"frame":83,"values":[0.3266,-0.9451,0,0,0.9451,0.3266,0,0,0,0,1,0,0,0.8888,0,1]},
{"frame":84,"values":[0.3263,-0.9453,0,0,0.9453,0.3263,0,0,0,0,1,0,0,0.8888,0,1]},
{"frame":85,"values":[0.3246,-0.9458,0,0,0.9458,0.3246,0,0,0,0,1,0,0,0.8888,0,1]},
{"frame":86,"values":[0.3216,-0.9469,0,0,0.9469,0.3216,0,0,0,0,1,0,0,0.8888,0,1]},
{"frame":87,"values":[0.3172,-0.9483,0,0,0.9483,0.3172,0,0,0,0,1,0,0,0.8888,0,1]},
{"frame":88,"values":[0.3116,-0.9502,0,0,0.9502,0.3116,0,0,0,0,1,0,0,0.8888,0,1]},
{"frame":89,"values":[0.3046,-0.9525,0,0,0.9525,0.3046,0,0,0,0,1,0,0,0.8888,0,1]},
{"frame":90,"values":[0.2963,-0.9551,0,0,0.9551,0.2963,0,0,0,0,1,0,0,0.8888,0,1]},
{"frame":91,"values":[0.2869,-0.958,0,0,0.958,0.2869,0,0,0,0,1,0,0,0.8888,0,1]},
{"frame":92,"values":[0.2762,-0.9611,0,0,0.9611,0.2762,0,0,0,0,1,0,0,0.8888,0,1]},
{"frame":93,"values":[0.2643,-0.9644,0,0,0.9644,0.2643,0,0,0,0,1,0,0,0.8888,0,1]},
{"frame":94,"values":[0.2514,-0.9679,0,0,0.9679,0.2514,0,0,0,0,1,0,0,0.8888,0,1]},
{"frame":95,"values":[0.2374,-0.9714,0,0,0.9714,0.2374,0,0,0,0,1,0,0,0.8888,0,1]},
{"frame":96,"values":[0.2224,-0.975,0,0,0.975,0.2224,0,0,0,0,1,0,0,0.8888,0,1]},
{"frame":97,"values":[0.2064,-0.9785,0,0,0.9785,0.2064,0,0,0,0,1,0,0,0.8888,0,1]},
{"frame":98,"values":[0.1895,-0.9819,0,0,0.9819,0.1895,0,0,0,0,1,0,0,0.8888,0,1]},
{"frame":99,"values":[0.1719,-0.9851,0,0,0.9851,0.1719,0,0,0,0,1,0,0,0.8888,0,1]},
{"frame":100,"values":[0.1535,-0.9882,0,0,0.9882,0.1535,0,0,0,0,1,0,0,0.8888,0,1]}],"loopBehavior":1,"name":"anim","property":"_matrix"}}]
,"ranges":[{"name":"ArmatureAction","from":0,"to":100}]}],
"meshes":[{"name":"base","id":"base","materialId":"Concrete","billboardMode":0,"position":[0.5,0.5,0],"rotation":[0,0,0],"scaling":[0.5,0.5,0.5],"isVisible":true,"freezeWorldMatrix":false,"isEnabled":true,"checkCollisions":false,"receiveShadows":false,"pickable":true,"tags":""
,"positions":[-1,-1,0.2,-1,1,0,-1,-1,0,-1,1,0.2,3,1,0,-1,1,0,3,1,0.2,3,-1,0,3,1,0,3,-1,0.2,-1,-1,0,3,-1,0,3,1,0,-1,-1,0,-1,1,0,-1,1,0.2,3,-1,0.2
,3,1,0.2,-1,1,0.2,3,1,0.2,3,-1,0.2,-1,-1,0.2,-1,-1,0,3,1,0,3,-1,0,-1,-1,0,-1,1,0.2,-1,-1,0.2,3,-1,0.2]
,"normals":[-1,0,0,-1,0,0,-1,0,0,0,1,0,0,1,0,0,1,0,1,0,0,1,0,0,1,0,0,0,-1,0,0,-1,0,0,-1,0,0,0,-1,0,0,-1,0,0,-1,0,0,1,0,0,1
,0,0,1,-1,0,0,0,1,0,1,0,0,0,-1,0,0,-1,0,0,0,-1,0,0,-1,0,0,-1,0,0,1,0,0,1,0,0,1]
,"uvs":[0.344,0.125,0.656,0.094,0.344,0.094,0.422,0.125,1.047,0.094,0.422,0.094,0.656,0.125,0.344,0.094,0.656,0.094,1.047,0.125,0.422,0.094,1.047,0.094,1.047,0.656,0.422,0.344,0.422,0.656,0.422,0.656,1.047,0.344,1.047,0.656,0.656,0.125,1.047,0.125,0.344,0.125,0.422,0.125,0.422,0.094,1.047,0.656,1.047,0.344
,0.422,0.344,0.422,0.656,0.422,0.344,1.047,0.344]
,"indices":[2,1,0,5,4,3,8,7,6,11,10,9,14,13,12,17,16,15,1,18,0,4,19,3,7,20,6,22,21,9,25,24,23,28,27,26]
,"subMeshes":[{"materialIndex":0,"verticesStart":0,"verticesCount":29,"indexStart":0,"indexCount":36}]
,"instances":[]}
,{"name":"engine","id":"engine","materialId":"Paint1","billboardMode":0,"position":[0.25,0.5,0.1],"rotation":[0,0,0],"scaling":[0.25,0.25,0.25],"isVisible":true,"freezeWorldMatrix":false,"isEnabled":true,"checkCollisions":false,"receiveShadows":false,"pickable":true,"tags":""
,"positions":[-0.8,0.56,0,0.8,-0.56,0,-0.8,-0.56,0,-0.5,0.35,1.6,0.2,0.35,2,0.5,0.35,1.6,0.8,0.56,0,0.5,-0.35,1.6,0.8,-0.56,0,-0.8,-0.56,0,-0.5,0.35,1.6,-0.8,0.56,0,-0.8,0.56,0,0.5,0.35,1.6,0.8,0.56,0,0.8,-0.56,0,-0.5,-0.35,1.6
,-0.8,-0.56,0,0.2,-0.35,2,-0.2,0.35,2,-0.2,-0.35,2,0.5,-0.35,1.6,-0.2,-0.35,2,-0.5,-0.35,1.6,0.5,0.35,1.6,0.2,-0.35,2,0.5,-0.35,1.6,-0.5,-0.35,1.6,-0.2,0.35,2,-0.5,0.35,1.6,0.8,0.56,0,-0.2,0.35,2,0.5,0.35,1.6,-0.8,-0.56,0
,-0.5,-0.35,1.6,-0.5,0.35,1.6,-0.8,0.56,0,-0.5,0.35,1.6,0.5,0.35,1.6,0.8,-0.56,0,0.5,-0.35,1.6,0.2,0.35,2,0.5,-0.35,1.6,0.2,-0.35,2,-0.2,-0.35,2,0.5,0.35,1.6,0.2,0.35,2,0.2,-0.35,2,-0.5,-0.35,1.6,-0.2,-0.35,2,-0.2,0.35,2
]
,"normals":[-0.624,0.605,-0.495,0.624,-0.605,-0.495,-0.624,-0.605,-0.495,0,1,0,0,1,0,0,1,0,0.983,0,0.184,0.983,0,0.184,0.983,0,0.184,-0.983,0,0.184,-0.983,0,0.184,-0.983,0,0.184,0,0.991,0.13,0,0.991,0.13,0,0.991,0.13,0,-0.991,0.13,0,-0.991,0.13
,0,-0.991,0.13,0,0,1,0,0,1,0,0,1,0,-1,0,0,-1,0,0,-1,0,0.8,0,0.6,0.8,0,0.6,0.8,0,0.6,-0.8,0,0.6,-0.8,0,0.6,-0.8,0,0.6,0.624,0.605,-0.495,0,1,0,0.983,0,0.184,-0.983,0,0.184
,-0.983,0,0.184,-0.983,0,0.184,0,0.991,0.13,0,0.991,0.13,0,0.991,0.13,0,-0.991,0.13,0,-0.991,0.13,0,0,1,0,-1,0,0,-1,0,0,-1,0,0.8,0,0.6,0.8,0,0.6,0.8,0,0.6,-0.8,0,0.6,-0.8,0,0.6,-0.8,0,0.6
]
,"uvs":[0.528,0.528,0.585,0.472,0.528,0.472,0.543,0.614,0.562,0.625,0.571,0.614,0.528,0.5,0.486,0.614,0.472,0.5,0.472,0.5,0.514,0.614,0.528,0.5,0.528,0.5,0.571,0.614,0.585,0.5,0.585,0.5,0.543,0.614,0.528,0.5,0.562,0.486,0.551,0.514,0.551,0.486,0.571,0.614,0.551,0.625,0.543,0.614,0.514,0.614
,0.486,0.625,0.486,0.614,0.486,0.614,0.514,0.625,0.514,0.614,0.585,0.528,0.551,0.625,0.514,0.614,0.472,0.5,0.486,0.614,0.514,0.614,0.528,0.5,0.543,0.614,0.571,0.614,0.585,0.5,0.571,0.614,0.562,0.514,0.571,0.614,0.562,0.625,0.551,0.625,0.514,0.614,0.514,0.625,0.486,0.625,0.486,0.614,0.486,0.625
,0.514,0.625]
,"indices":[2,1,0,5,4,3,8,7,6,11,10,9,14,13,12,17,16,15,20,19,18,23,22,21,26,25,24,29,28,27,1,30,0,4,31,3,7,32,6,35,34,33,38,37,36,16,40,39,19,41,18
,44,43,42,47,46,45,50,49,48]
,"subMeshes":[{"materialIndex":0,"verticesStart":0,"verticesCount":51,"indexStart":0,"indexCount":60}]
,"instances":[]}
,{"name":"main basis","id":"main basis","materialId":"Paint1","billboardMode":0,"position":[0.75,0.5,0.1],"rotation":[0,0,0],"scaling":[0.25,0.25,0.25],"isVisible":true,"freezeWorldMatrix":false,"isEnabled":true,"checkCollisions":false,"receiveShadows":false,"pickable":true,"tags":""
,"positions":[-1,1,0,1,-1,0,-1,-1,0,0.5,1,4,-0.32,0.8728,4.3375,0.32,0.8728,4.3375,1,1,0,0.5,-1,4,1,-1,0,-1,-1,0,-0.5,1,4,-1,1,0,-1,1,0,0.5,1,4,1,1,0,1,-1,0,-0.5,-1,4
,-1,-1,0,-0.32,-0.6771,4.3375,0.195,-0.67,4.8375,0.32,-0.67,4.3375,-0.5,-1,4,0.32,-0.8728,4.3375,-0.32,-0.8728,4.3375,0.5,1,4,0.32,0.7046,4.3375,0.32,-0.67,4.3375,-0.5,-1,4,-0.32,-0.8728,4.3375,-0.32,-0.6771,4.3375,0.195,0.7046,4.8375,-0.195,0.8728,4.8375,-0.195,0.7011,4.8375,0.32,0.8728,4.3375
,0.195,0.7046,4.8375,0.32,0.7046,4.3375,0.32,-0.67,4.3375,-0.32,0.7011,4.3375,-0.32,-0.6771,4.3375,-0.32,0.8728,4.3375,0.195,0.8728,4.8375,0.32,0.8728,4.3375,0.32,0.7046,4.3375,-0.195,0.7011,4.8375,-0.32,0.7011,4.3375,-0.32,0.7011,4.3375,-0.195,0.8728,4.8375,-0.32,0.8728,4.3375,0.195,-0.8728,4.8375,-0.195,-0.6771,4.8375,-0.195,-0.8728,4.8375
,-0.32,-0.8728,4.3375,-0.195,-0.6771,4.8375,-0.32,-0.6771,4.3375,0.32,-0.8728,4.3375,-0.195,-0.8728,4.8375,-0.32,-0.8728,4.3375,0.32,-0.67,4.3375,0.195,-0.8728,4.8375,0.32,-0.8728,4.3375,1,1,0,-0.5,1,4,0.5,1,4,-1,-1,0,-0.5,-1,4,-1,1,0,-0.5,1,4,0.5,1,4
,1,-1,0,0.5,-1,4,-0.32,-0.6771,4.3375,-0.195,-0.6771,4.8375,0.195,-0.67,4.8375,-0.5,-1,4,0.5,-1,4,0.32,-0.8728,4.3375,0.5,-1,4,0.32,-0.67,4.3375,0.5,-1,4,0.5,1,4,0.32,-0.67,4.3375,0.5,1,4,0.32,0.8728,4.3375,-0.32,0.8728,4.3375,-0.5,1,4
,-0.32,0.7011,4.3375,-0.5,1,4,-0.5,-1,4,-0.32,-0.6771,4.3375,-0.32,0.7011,4.3375,-0.5,1,4,-0.32,-0.6771,4.3375,0.195,0.8728,4.8375,0.32,0.8728,4.3375,0.195,0.8728,4.8375,0.195,0.7046,4.8375,0.32,-0.67,4.3375,0.32,0.7046,4.3375,-0.32,0.8728,4.3375,-0.195,0.8728,4.8375,0.32,0.7046,4.3375,0.195,0.7046,4.8375
,-0.195,0.7011,4.8375,-0.32,0.7011,4.3375,-0.195,0.7011,4.8375,-0.195,0.8728,4.8375,0.195,-0.67,4.8375,-0.32,-0.8728,4.3375,-0.195,-0.8728,4.8375,-0.195,-0.6771,4.8375,0.32,-0.8728,4.3375,0.195,-0.8728,4.8375,-0.195,-0.8728,4.8375,0.32,-0.67,4.3375,0.195,-0.67,4.8375,0.195,-0.8728,4.8375]
,"normals":[0,0,-1,0,0,-1,0,0,-1,0,0.936,0.353,0,0.936,0.353,0,0.936,0.353,0.992,0,0.124,0.992,0,0.124,0.992,0,0.124,-0.992,0,0.124,-0.992,0,0.124,-0.992,0,0.124,0,1,0,0,1,0,0,1,0,0,-1,0,0,-1,0
,0,-1,0,-0.011,1,-0.003,-0.011,1,-0.003,-0.011,1,-0.003,0,-0.936,0.353,0,-0.936,0.353,0,-0.936,0.353,0.882,0,0.471,0.882,0,0.471,0.882,0,0.471,-0.882,0,0.471,-0.882,0,0.471,-0.882,0,0.471,0,0,1,0,0,1,0,0,1,0.97,0,0.243
,0.97,0,0.243,0.97,0,0.243,0,0,1,0,0,1,0,0,1,0,1,0,0,1,0,0,1,0,0.005,-1,-0.001,0.005,-1,-0.001,0.005,-1,-0.001,-0.97,0,0.243,-0.97,0,0.243,-0.97,0,0.243,0,0,1,0,0,1,0,0,1
,-0.97,0,0.243,-0.97,0,0.243,-0.97,0,0.243,0,-1,0,0,-1,0,0,-1,0,0.97,0,0.243,0.97,0,0.243,0.97,0,0.243,0,0,-1,0,0.936,0.353,0.992,0,0.124,-0.992,0,0.124,-0.992,0,0.124,0,1,0,0,1,0,0,1,0
,0,-1,0,0,-1,0,-0.018,1,0.005,-0.018,1,0.005,-0.018,1,0.005,0,-0.936,0.353,0,-0.936,0.353,0.882,0,0.471,0.882,0,0.471,0.882,0,0.471,0.882,0,0.471,0.882,0,0.471,0.882,0,0.471,0.882,0,0.471,0.882,0,0.471,-0.882,0,0.471,-0.882,0,0.471
,-0.882,0,0.471,-0.882,0,0.471,-0.882,0,0.471,-0.882,0,0.471,-0.882,0,0.471,-0.882,0,0.471,-0.882,0,0.471,0,0,1,0.97,0,0.243,0.97,0,0.243,0.97,0,0.243,0,0,1,0,0,1,0,1,0,0,1,0,0.009,-1,0.002,0.009,-1,0.002
,0.009,-1,0.002,-0.97,0,0.243,-0.97,0,0.243,-0.97,0,0.243,0,0,1,-0.97,0,0.243,-0.97,0,0.243,-0.97,0,0.243,0,-1,0,0,-1,0,0,-1,0,0.97,0,0.243,0.97,0,0.243,0.97,0,0.243]
,"uvs":[0.474,0.526,0.526,0.474,0.474,0.474,0.513,0.506,0.492,0.515,0.508,0.515,0.526,0.402,0.474,0.506,0.474,0.402,0.474,0.402,0.526,0.506,0.526,0.402,0.474,0.402,0.513,0.506,0.526,0.402,0.526,0.402,0.487,0.506,0.474,0.402,0.492,0.515,0.505,0.527,0.508,0.515,0.487,0.506,0.508,0.515,0.492,0.515,0.526,0.506
,0.518,0.515,0.483,0.515,0.474,0.506,0.477,0.515,0.482,0.515,0.505,0.518,0.495,0.522,0.495,0.518,0.522,0.515,0.518,0.527,0.518,0.515,0.508,0.483,0.492,0.518,0.492,0.482,0.492,0.515,0.505,0.527,0.508,0.515,0.508,0.515,0.495,0.527,0.492,0.515,0.518,0.515,0.522,0.527,0.522,0.515,0.505,0.477,0.495,0.482
,0.495,0.477,0.477,0.515,0.482,0.527,0.482,0.515,0.508,0.515,0.495,0.527,0.492,0.515,0.483,0.515,0.477,0.527,0.477,0.515,0.526,0.526,0.487,0.506,0.526,0.506,0.474,0.402,0.474,0.506,0.474,0.402,0.487,0.506,0.513,0.506,0.526,0.402,0.513,0.506,0.492,0.515,0.495,0.527,0.505,0.527,0.487,0.506,0.513,0.506
,0.477,0.515,0.474,0.506,0.483,0.515,0.474,0.506,0.526,0.506,0.483,0.515,0.526,0.506,0.522,0.515,0.522,0.515,0.526,0.506,0.518,0.515,0.526,0.506,0.474,0.506,0.482,0.515,0.518,0.515,0.526,0.506,0.482,0.515,0.505,0.522,0.522,0.515,0.522,0.527,0.518,0.527,0.508,0.483,0.508,0.518,0.492,0.515,0.495,0.527
,0.508,0.515,0.505,0.527,0.495,0.527,0.518,0.515,0.518,0.527,0.522,0.527,0.505,0.483,0.477,0.515,0.477,0.527,0.482,0.527,0.508,0.515,0.505,0.527,0.495,0.527,0.483,0.515,0.483,0.527,0.477,0.527]
,"indices":[2,1,0,5,4,3,8,7,6,11,10,9,14,13,12,17,16,15,20,19,18,23,22,21,26,25,24,29,28,27,32,31,30,35,34,33,38,37,36,41,40,39,44,43,42,47,46,45,50,49,48
,53,52,51,56,55,54,59,58,57,1,60,0,4,61,3,7,62,6,10,64,63,67,66,65,16,69,68,72,71,70,22,74,73,77,76,75,80,79,78,25,82,81,85,84,83,88,87,86,91,90,89
,31,92,30,95,94,93,37,97,96,40,99,98,102,101,100,105,104,103,49,106,48,109,108,107,112,111,110,115,114,113]
,"subMeshes":[{"materialIndex":0,"verticesStart":0,"verticesCount":116,"indexStart":0,"indexCount":132}]
,"instances":[]}
,{"name":"pipe out","id":"pipe out","materialId":"Concrete","billboardMode":0,"position":[1.75,0.5,0.1],"rotation":[0,0,0],"scaling":[0.5,0.5,0.5],"isVisible":true,"freezeWorldMatrix":false,"isEnabled":true,"checkCollisions":false,"receiveShadows":false,"pickable":true,"tags":""
